[display]
width = 600
height = 400

[fractal]
max_iter = 80
re_start = -0.34999999999999987
re_end = -0.08000000000000002
im_start = -0.7749999999999998
im_end = -0.605

