[display]
width = 1900
height = 1267

[fractal]
max_iter = 80
re_start = -0.500000000000006
re_end = 0.49999999999999956
im_start = -0.7500000000000053
im_end = 0.7500000000000053

[user]
default_path = ../output

