[display]
width = 1500
height = 1000

[fractal]
max_iter = 120
re_start = -0.3500000000000001
re_end = -0.08000000000000007
im_start = -0.775
im_end = -0.605

