[display]
width = 600
height = 400

[fractal]
max_iter = 80
re_start = -0.49999999999999983
re_end = 0.5000000000000001
im_start = -0.7499999999999998
im_end = 0.7499999999999998

[user]
default_path = ../output

