[display]
width = 600
height = 400

[fractal]
max_iter = 80
re_start = -0.3500000000000003
re_end = -0.08000000000000018
im_start = -0.7750000000000001
im_end = -0.6050000000000001

