[display]
width = 1900
height = 1267

[fractal]
max_iter = 80
re_start = -1.4149999999999978
re_end = -0.0649999999999994
im_start = -0.9300000000000022
im_end = -0.15500000000000033

